sample	chr	startpos	endpos	nMajor	nMinor
sample1	1	61735	152555527	1	1
sample1	1	152555706	152586540	0	0
sample1	1	152586576	152761923	1	1
sample1	1	152761939	152768700	0	0
sample1	1	152773905	249224388	1	1
sample1	2	12784	32630548	1	1
sample1	2	32635284	33331778	2	1
sample1	2	33333871	243089456	1	1
sample1	3	60345	197896118	1	1
sample1	4	12281	191027923	1	1
sample1	5	15532	180790320	1	1
sample1	6	149661	171051005	1	1
sample1	7	43259	159127004	1	1
sample1	8	31254	10555654	1	1
sample1	8	10555762	11310012	2	0
sample1	8	11322997	41811521	1	1
sample1	8	41811769	49326113	2	0
sample1	8	49328524	146298155	1	1
sample1	9	46587	141091394	1	1
sample1	10	72759	135506704	1	1
sample1	11	198572	72198359	1	1
sample1	11	72198427	74918948	1	0
sample1	11	74920005	83605139	1	1
sample1	11	83606715	86569591	2	0
sample1	11	86572920	134944770	1	1
sample1	12	150442	33337983	1	1
sample1	12	33339371	39628291	2	1
sample1	12	39628938	133778189	1	1
sample1	13	19026949	115108397	1	1
sample1	14	19002124	107285437	1	1
sample1	15	20016328	102469040	1	1
sample1	16	60777	90287535	1	1
sample1	17	526	81048659	1	1
sample1	18	48133	78015057	1	1
sample1	19	90910	59097854	1	1
sample1	20	61305	62956153	1	1
sample1	21	10736871	48096957	1	1
sample1	22	16052528	51234455	1	1
sample1	X	168477	54984266	1	1
sample1	X	54988163	66944988	2	0
sample1	X	66945740	155233846	1	1
