sample	chr	startpos	endpos	nMajor	nMinor
sample1	1	61735	152555527	1	1
sample1	1	152555706	152586540	0	0
sample1	1	152586576	152761923	1	1
sample1	1	152761939	152768700	0	0
sample1	1	152773905	249224388	1	1
sample1	2	12784	32630548	1	1
sample1	2	32635284	33331778	2	1
sample1	2	33333871	243089456	1	1
sample1	3	60345	197896118	1	1
sample1	4	12281	191027923	1	1
sample1	5	15532	180790320	1	1
sample1	6	149661	171051005	1	1
sample1	7	43259	159127004	1	1
sample1	8	31254	10555654	1	1
sample1	8	10555762	11310012	2	0
sample1	8	11322997	41811521	1	1
sample1	8	41811769	49326113	2	0
sample1	8	49328524	146298155	1	1
sample1	9	46587	141091394	1	1
sample1	10	72759	135506704	1	1
sample1	11	198572	72198359	1	1
sample1	11	72198427	74918948	1	0
sample1	11	74920005	83605139	1	1
sample1	11	83606715	86569591	2	0
sample1	11	86572920	134944770	1	1
sample1	12	150442	33337983	1	1
sample1	12	33339371	39628291	2	1
sample1	12	39628938	133778189	1	1
sample1	13	19026949	115108397	1	1
sample1	14	19002124	107285437	1	1
sample1	15	20016328	102469040	1	1
sample1	16	60777	90287535	1	1
sample1	17	526	81048659	1	1
sample1	18	48133	78015057	1	1
sample1	19	90910	59097854	1	1
sample1	20	61305	62956153	1	1
sample1	21	10736871	48096957	1	1
sample1	22	16052528	51234455	1	1
sample1	X	168477	54984266	1	1
sample1	X	54988163	66944988	2	0
sample1	X	66945740	155233846	1	1
sample2	1	61735	238045995	1	1
sample2	1	238046253	249224388	2	0
sample2	2	12784	243089456	1	1
sample2	3	60345	197896118	1	1
sample2	4	12281	191027923	1	1
sample2	5	15532	34258491	1	1
sample2	5	34258505	35918369	1	0
sample2	5	35919618	40287885	1	1
sample2	5	40294660	49574614	1	0
sample2	5	49575157	66873564	1	1
sample2	5	66875825	76620654	1	0
sample2	5	76623299	85607247	1	1
sample2	5	85613790	161202817	1	0
sample2	5	161204635	180790320	2	0
sample2	6	149661	171051005	1	0
sample2	7	43259	159127004	1	1
sample2	8	31254	146298155	1	1
sample2	9	46587	141091394	1	1
sample2	10	72759	135506704	1	1
sample2	11	198572	65569060	2	1
sample2	11	65570517	70190390	4	1
sample2	11	70191988	76837552	1	0
sample2	11	76847913	79289862	2	1
sample2	11	79289876	134944770	1	0
sample2	12	150442	114191271	1	1
sample2	12	114191494	131893426	1	0
sample2	12	131893584	133778189	4	1
sample2	13	19026949	115108397	1	0
sample2	14	19002124	106116861	1	1
sample2	14	106119639	106825916	5	0
sample2	14	106826112	107285437	1	1
sample2	15	20016328	102469040	1	0
sample2	16	60777	90287535	1	1
sample2	17	526	81048659	1	0
sample2	18	48133	78015057	1	1
sample2	19	90910	59097854	1	1
sample2	20	61305	29874664	1	1
sample2	20	29874982	35009528	1	0
sample2	20	35013733	36502918	1	1
sample2	20	36503303	47244287	2	1
sample2	20	47245761	48763016	4	1
sample2	20	48763261	50952381	6	2
sample2	20	50953271	52653216	9	3
sample2	20	52653236	55230901	2	1
sample2	20	55230936	56070350	1	0
sample2	20	56070505	56881659	4	1
sample2	20	56882238	58912708	1	1
sample2	20	58914617	59582657	3	2
sample2	20	59583053	61024498	1	1
sample2	20	61024780	62956153	2	1
sample2	21	10736871	15786627	1	0
sample2	21	15789972	48096957	1	1
sample2	22	16052528	18644701	1	0
sample2	22	18648880	24855182	1	1
sample2	22	24856329	25435172	1	0
sample2	22	25435552	28165334	1	1
sample2	22	28166402	29410144	1	0
sample2	22	29410232	33233918	1	1
sample2	22	33234179	51234455	1	0
sample2	X	168477	18760388	1	1
sample2	X	18761872	22174817	2	0
sample2	X	22175673	55224760	1	1
sample2	X	55230288	67062507	2	0
sample2	X	67065988	155233846	1	1
sample3	1	61735	121482979	2	0
sample3	1	144007049	249224388	2	2
sample3	2	12784	243089456	2	0
sample3	3	60345	197896118	2	0
sample3	4	12281	191027923	2	0
sample3	5	15532	97050100	2	0
sample3	5	97050361	97099684	0	0
sample3	5	97113402	180790320	2	0
sample3	6	149661	171051005	2	0
sample3	7	43259	159127004	3	2
sample3	8	31254	146298155	2	0
sample3	9	46587	141091394	2	0
sample3	10	72759	135506704	2	0
sample3	11	198572	134944770	2	2
sample3	12	150442	133778189	2	0
sample3	13	19026949	115108397	2	0
sample3	14	19002124	107285437	2	2
sample3	15	20016328	102469040	2	0
sample3	16	60777	35283226	2	2
sample3	16	46463782	90287535	2	0
sample3	17	526	33676506	2	0
sample3	17	33682510	33758578	0	0
sample3	17	33766218	81048659	2	0
sample3	18	48133	78015057	2	0
sample3	19	90910	59097854	2	2
sample3	20	61305	62956153	2	2
sample3	21	10736871	44320760	2	0
sample3	21	44320989	48096957	3	0
sample3	22	16052528	51234455	2	0
sample3	X	168477	155233846	2	2
